1	-0.00005342269280232877	0.	-2.0033509800873284
1.025	-0.00005310916023024193	-0.048266338306684524	-1.9550846417806444
1.05	-0.00005283440719706503	-0.09312629272514797	-1.9102246873621807
1.075	-0.00005259572815357179	-0.13489302164460373	-1.868457958442725
1.1	-0.00005239066350955651	-0.17384450653650388	-1.8295064735508249
1.125	-0.00005221697230505398	-0.21022818926842335	-1.7931227908189051
1.15	-0.00005207260844618296	-0.24426491156074223	-1.7590860685265866
1.175	-0.00005195569997471162	-0.2761522740772259	-1.7271987060101028
1.2	-0.0000518645309289275	-0.3060675108466752	-1.6972834692406538
1.225	-0.000051797525425625276	-0.33416995731985655	-1.6691810227674724
1.25	-0.00005175323365225599	-0.3606031764157192	-1.6427478036716099
1.275	-0.00005173031950705893	-0.3854967956684767	-1.617854184418852
1.3	-0.0000517275496653318	-0.4089680994852831	-1.5943828806020455
1.325	-0.000051743783883482006	-0.4311234131231009	-1.572227566964228
1.35	-0.00005177796638040521	-0.45205930894974705	-1.5512916711375817
1.375	-0.00005182911815907748	-0.4718636605990816	-1.531487319488247
1.4	-0.000051896330150833666	-0.4906165665519988	-1.5127344135353298
1.425	-0.00005197875708130091	-0.5083911613056333	-1.4949598187816955
1.45	-0.00005207561197089072	-0.52525432949971	-1.478096650587619
1.475	-0.000052186161194563	-0.5412673360448528	-1.462083644042476
1.5	-0.00005230972003561359	-0.5564863833575916	-1.2462121841871066
1.525	-0.00005109596238988974	-0.5677006835323256	-1.2349978840123728
1.55	-0.000049915565229044314	-0.5783767443620663	-1.224321823182632
1.5750000000000002	-0.00004876693995855931	-0.5885484670696213	-1.214150100475077
1.6	-0.000047648597271074085	-0.5982471252046911	-1.2044514423400072
1.625	-0.00004655913950891176	-0.6075016053124372	-1.195196962232261
1.65	-0.000045497253720921214	-0.6163386222725493	-1.1863599452721487
1.675	-0.00004446170534109481	-0.6247829123103024	-1.1779156552343957
1.7000000000000002	-0.000043451332424954725	-0.6328574062868112	-1.169841161257887
1.725	-0.000042465040387123287	-0.6405833855381279	-1.1621151820065703
1.75	-0.00004150179718995865	-0.6479806222431395	-1.1547179453015586
1.775	-0.000040560628938784846	-0.6550675060510384	-1.14763106149366
1.8	-0.00003964061584418548	-0.661861158484323	-1.140837409060375
1.8250000000000002	-0.00003874088851616445	-0.6683775364476865	-1.1343210310970118
1.85	-0.00003786062455877928	-0.6746315260124646	-1.1280670415322336
1.875	-0.000036999045437204634	-0.6806370275069042	-1.122061540037794
1.9	-0.00003615541359213216	-0.686407032821323	-1.1162915347233755
1.925	-0.00003532902977902277	-0.6919536957316799	-1.1107448718130182
1.9500000000000002	-0.0000345192306120318	-0.697288395952966	-1.1054101715917322
1.975	-0.000033725386294471176	-0.7024217975532933	-1.100276769991405
2.	-0.00003294689851948728	-0.707363902289048	-1.0953346652556504
2.0250000000000004	-0.00003218319852624392	-0.7121240983595878	-1.0905744691851105
2.05	-0.000031433745298335954	-0.716711205025602	-1.0859873625190961
2.075	-0.00003069802389243798	-0.7211335134873836	-1.0815650540573145
2.1	-0.000029975543886335434	-0.7253988243770645	-1.0772997431676337
2.125	-0.000029265837936506015	-0.7295144821816048	-1.0731840853630932
2.1500000000000004	-0.00002856846043633564	-0.7334874068803632	-1.0692111606643349
2.175	-0.000027882986266870556	-0.7373241230518937	-1.0653744444928046
2.2	-0.000027209009632745695	-0.7410307866787118	-1.0616677808659862
2.225	-0.00002654614297659016	-0.744613209855782	-1.0580853576889162
2.25	-0.00002589401596580491	-0.7480768835880124	-1.0546216839566858
2.2750000000000004	-0.000025252274546146933	-0.7514269988438227	-1.0512715687008753
2.3	-0.000024620580057036127	-0.7546684660155997	-1.0480301015290987
2.325	-0.000023998608403938567	-0.7578059329233345	-1.0448926346213636
2.35	-0.000023386049283577283	-0.7608438014847612	-1.0418547660599369
2.375	-0.000022782605458076442	-0.7637862431636924	-1.038912324381006
2.4000000000000004	-0.000022187992074471614	-0.7666372132978344	-1.0360613542468637
2.425	-0.00002160193602631242	-0.7694004643980131	-1.0332981031466852
2.45	-0.00002102417535435046	-0.7720795585023441	-1.030619009042354
2.475	-0.000020454458683549575	-0.7746778786613271	-1.0280206888833712
2.5	-0.00001989254469387485	-0.7771986396230364	-1.025499927921662
2.5250000000000004	-0.000019338201622520542	-0.7796448977814534	-1.0230536697632449
2.55	-0.000018791206795418466	-0.7820195604454434	-1.020679007099255
2.575	-0.00001825134618603692	-0.7843253944808863	-1.0183731730638117
2.6	-0.00001771841399963405	-0.786565034373946	-1.0161335331707522
2.625	-0.00001719221228126759	-0.7887409897593669	-1.0139575777853311
2.6500000000000004	-0.000016672550545993077	-0.790855652453986	-1.0118429150907122
2.675	-0.000016159245429798628	-0.7929113030322733	-1.0097872645124248
2.7	-0.000015652120359931987	-0.7949101169776709	-1.0077884505670274
2.725	-0.000015151005243374993	-0.7968541704407165	-1.0058443971039817
2.75	-0.00001465573617231007	-0.7987454456324212	-1.0039531219122768
2.7750000000000004	-0.000014166155145507687	-0.8005858358790671	-1.0021127316656309
2.8	-0.000013682109804639497	-0.8023771503625016	-1.0003214171821968
2.825	-0.000013203453184592055	-0.8041211185680944	-0.9985774489766037
2.85	-0.000012730043476922795	-0.8058193944607819	-0.9968791730839163
2.875	-0.000012261743805656644	-0.8074735604080295	-0.9952250071366687
2.9000000000000004	-0.00001179842201467967	-0.809085130867093	-0.9936134366776053
2.925	-0.000011339950466035786	-0.8106555558526233	-0.992043011692075
2.95	-0.000010886205848479203	-0.8121862241994442	-0.9905123433452538
2.975	-0.000010437068995679987	-0.8136784666342143	-0.9890201009104836
3.	-9.9924247135193e-6	-0.8151335586686598	-0.9875650088760385
3.025	-9.552161615948129e-6	-0.8165527233261277	-0.9861458442185704
3.0500000000000003	-9.116171968919233e-6	-0.8179371337123432	-0.9847614338323548
3.075	-8.684351541931592e-6	-0.8192879154404614	-0.9834106521042367
3.1	-8.256599466758402e-6	-0.8206061489197785	-0.9820924186249198
3.125	-7.83281810295611e-6	-0.8218928715167889	-0.9808056960279092
3.15	-7.412912909777791e-6	-0.823149079596667	-0.9795494879480311
3.1750000000000003	-6.99679232413783e-6	-0.8243757304526685	-0.9783228370920297
3.2	-6.584367644297021e-6	-0.8255737441304346	-0.9771248234142635
3.225	-6.175552918957799e-6	-0.8267440051536887	-0.9759545623910094
3.25	-5.7702648414777625e-6	-0.8278873641573711	-0.9748112033873271
3.275	-5.368422648928801e-6	-0.8290046394338416	-0.9736939281108565
3.3000000000000003	-4.969948025744346e-6	-0.8300966183973992	-0.9726019491472989
3.325	-4.574765011713185e-6	-0.8311640589720141	-0.9715345085726842
3.35	-4.182799914093007e-6	-0.8322076909068374	-0.9704908766378606
3.375	-3.7939812236303515e-6	-0.833228217023755	-0.9694703505209431
3.4000000000000004	-3.4082395342848685e-6	-0.8342263144009647	-0.9684722531437335
3.4250000000000003	-3.025507466470083e-6	-0.8352026354963021	-0.9674959320483961
3.45	-2.645719593631006e-6	-0.8361578092137938	-0.9665407583309044
3.475	-2.2688123719911686e-6	-0.8370924419166931	-0.9656061256280049
3.5	-1.8947240733105386e-6	-0.8380071183900466	-0.9646914491546513
3.5250000000000004	-1.5233947205049985e-6	-0.8389024027556434	-0.9637961647890548
3.5500000000000003	-1.154766025985546e-6	-0.8397788393420215	-0.9629197282026768
3.575	-7.887813325853485e-7	-0.8406369535120368	-0.9620616140326614
3.6	-4.253855569476934e-7	-0.8414772524503425	-0.9612213150943555
3.625	-6.452513525697983e-8	-0.8423002259129851	-0.960398341631713
3.6500000000000004	2.9385202880089834e-7	-0.8431063469411835	-0.9595922206035148
3.6750000000000003	6.497966139531607e-7	-0.8438960725412359	-0.9588024950034624
3.7	1.0033579292315997e-6	-0.844669844332378	-0.9580287232123202
3.725	1.354583959935733e-6	-0.8454280891643078	-0.9572704783803905
3.75	1.7035214117570668e-6	-0.846171219705988	-0.9565273478387103
3.7750000000000004	2.0502157531501774e-6	-0.8468996350072455	-0.9557989325374527
3.8000000000000003	2.3947112560314388e-6	-0.8476137210345925	-0.9550848465101056
3.825	2.737051034881478e-6	-0.8483138511826132	-0.9543847163620849
3.85	3.0772770843242464e-6	-0.8490003867621818	-0.9536981807825163
3.875	3.415430315251497e-6	-0.8496736774667037	-0.9530248900779944
3.9000000000000004	3.7515505895578585e-6	-0.8503340618175033	-0.9523645057271949
3.9250000000000003	4.085676753548057e-6	-0.8509818675894156	-0.9517166999552826
3.95	4.417846670076302e-6	-0.8516174122175852	-0.951081155327113
3.975	4.748097249471987e-6	-0.8522410031864099	-0.9504575643582881
4.	5.0764644793063795e-6	-0.8528529384015239	-0.9498456291431743
4.025	5.402983453049547e-6	-0.8534535065456554	-0.9492450609990428
4.050000000000001	5.7276883976661766e-6	-0.8540429874191588	-0.9486555801255394
4.075	6.050612700195387e-6	-0.8546216522659646	-0.9480769152787334
4.1	6.371788933358282e-6	-0.8551897640856623	-0.9475088034590358
4.125	6.6912488802342595e-6	-0.8557475779323811	-0.946950989612317
4.15	7.009023558045394e-6	-0.8562953412011078	-0.9464032263435904
4.175000000000001	7.3251432410862305e-6	-0.8568332939020373	-0.9458652736426608
4.2	7.639637482834789e-6	-0.8573616689235279	-0.9453368986211702
4.225	7.952535137278573e-6	-0.8578806922841965	-0.9448178752605016
4.25	8.263864379487635e-6	-0.858390583374663	-0.9443079841700351
4.275	8.573652725466017e-6	-0.8588915551894304	-0.9438070123552679
4.300000000000001	8.88192705131096e-6	-0.8593838145493526	-0.9433147529953454
4.325	9.188713611706653e-6	-0.8598675623151294	-0.9428310052295686
4.35	9.49403805778159e-6	-0.8603429935922353	-0.9423555739524629
4.375	9.797925454352774e-6	-0.8608102979276755	-0.9418882696170225
4.4	0.000010100400296582179	-0.8612696594989397	-0.9414289080457583
4.425000000000001	0.000010401486526068698	-0.8617212572955025	-0.9409773102491957
4.45	0.000010701207546398068	-0.8621652652932074	-0.9405333022514908
4.475	0.000010999586238170537	-0.8626018526218504	-0.9400967149228477
4.5	0.00001129664497352879	-0.863031183726265	-0.9396673838184333
4.525	0.000011592405630203465	-0.863453418521193	-0.9392451490235053
4.550000000000001	0.000011886889605095929	-0.8638687125402175	-0.9388298550044806
4.575	0.000012180117827415666	-0.8642772170790133	-0.938421350465685
4.6	0.000012472110771389428	-0.8646790793331617	-0.9380194882115365
4.625	0.00001276288846855804	-0.8650744425307676	-0.9376241250139306
4.65	0.000013052470519676359	-0.8654634460600955	-0.9372351214846026
4.675000000000001	0.00001334087610623181	-0.8658462255924433	-0.9368523419522549
4.7	0.000013628124001595137	-0.8662229132004521	-0.9364756543442458
4.725	0.000013914232581816859	-0.866593637472046	-0.9361049300726522
4.75	0.000014199219836083667	-0.8669585236201849	-0.9357400439245132
4.775	0.000014483103376844957	-0.8673176935886061	-0.9353808739560919
4.800000000000001	0.000014765900449624205	-0.8676712661537205	-0.9350273013909777
4.825	0.000015047627942524848	-0.8680193570228223	-0.934679210521876
4.85	0.00001532830239544191	-0.8683620789287652	-0.9343364886159331
4.875	0.000015607940008990543	-0.8686995417212479	-0.9339990258234503
4.9	0.00001588655665316107	-0.8690318524548478	-0.9336667150898501
4.925000000000001	0.00001616416787571042	-0.8693591154739356	-0.9333394520707624
4.95	0.000016440788910299607	-0.8696814324945936	-0.9330171350501046
4.975	0.000016716434684385336	-0.8699989026836613	-0.9326996648610368
5.	0.000016991119826875067	-0.870311622735021	-0.9323869448096773
5.025	0.000017264858675553936	-0.8706196869432328	-0.9320788806014655
5.05	0.000017537665284290336	-0.8709231872746253	-0.931775380270073
5.075	0.000017809553430029267	-0.871222213435939	-0.9314763541087593
5.1000000000000005	0.000018080536619579545	-0.8715168529406228	-0.9311817146040755
5.125	0.000018350628096202367	-0.8718071911728696	-0.9308913763718286
5.15	0.0000186198408460084	-0.8720933114494834	-0.9306052560952148
5.175	0.00001888818760416888	-0.8723752950796579	-0.9303232724650403
5.2	0.000019155680860948	-0.8726532214227484	-0.9300453461219498
5.2250000000000005	0.00001942233286756159	-0.8729271679441143	-0.929771399600584
5.25	0.000019688155641869312	-0.8731972102691036	-0.9295013572755947
5.275	0.000019953160973903956	-0.8734634222352513	-0.9292351453094467
5.3	0.00002021736043124469	-0.8737258759427584	-0.9289726916019398
5.325	0.00002048076536423951	-0.8739846418033146	-0.9287139257413836
5.3500000000000005	0.000020743386911080067	-0.8742397885873302	-0.9284587789573681
5.375	0.000021005236002735983	-0.8744913834696313	-0.9282071840750667
5.4	0.000021266323367751503	-0.8747394920736795	-0.9279590754710187
5.425	0.00002152665953690969	-0.8749841785143668	-0.9277143890303312
5.45	0.000021786254847768144	-0.875225505439441	-0.9274730621052573
5.4750000000000005	0.000022045119449070748	-0.8754635340696089	-0.9272350334750894
5.5	0.000022303263305038735	-0.8756983242373673	-0.927000243307331
5.525	0.000022560696199545416	-0.8759299344246059	-0.9267686331200922
5.55	0.00002281742774017803	-0.8761584217990286	-0.9265401457456696
5.575	0.00002307346736219059	-0.8763838422494323	-0.9263147252952657
5.6000000000000005	0.000023328824332350187	-0.8766062504198873	-0.9260923171248111
5.625	0.00002358350775268184	-0.8768256997428552	-0.9258728678018427
5.65	0.000023837526564112133	-0.8770422424712854	-0.9256563250734127
5.675	0.000024090889550018656	-0.8772559297097218	-0.9254426378349766
5.7	0.00002434360533968484	-0.8774668114444574	-0.9252317561002409
5.7250000000000005	0.000024595682411663857	-0.87767493657277	-0.9250236309719283
5.75	0.000024847129097056058	-0.8778803529312691	-0.924818214613429
5.775	0.000025097953582700182	-0.8780831073233859	-0.9246154602213122
5.800000000000001	0.00002534816391428266	-0.878283245546035	-0.924415321998663
5.825	0.000025597767999366473	-0.8784808124154789	-0.9242177551292193
5.8500000000000005	0.000025846773610342747	-0.8786758517924177	-0.9240227157522805
5.875	0.000026095188387306338	-0.878868406606335	-0.9238301609383632
5.9	0.00002634301984085914	-0.8790585188791229	-0.9236400486655754
5.925000000000001	0.00002659027535484182	-0.8792462297480095	-0.9234523377966886
5.95	0.000026836962188996906	-0.8794315794878154	-0.9232669880568828
5.9750000000000005	0.000027083087481564756	-0.8796146075325577	-0.9230839600121405
6.	0.00002732865825181538	-0.8797953524964267	-0.9229032150482713
6.025	0.000027573681402516092	-0.8799738521941544	-0.9227247153505438
6.050000000000001	0.000027818163722339055	-0.8801501436607938	-0.9225484238839045
6.075	0.000028062111888208744	-0.8803242631709313	-0.9223743043737669
6.1000000000000005	0.000028305532467591673	-0.8804962462573477	-0.9222023212873505
6.125	0.000028548431920730557	-0.8806661277291483	-0.9220324398155499
6.15	0.000028790816602823556	-0.8808339416893771	-0.9218646258553211
6.175000000000001	0.000029032692766150668	-0.8809997215521336	-0.9216988459925645
6.2	0.000029274066562148295	-0.8811635000592064	-0.9215350674854919
6.2250000000000005	0.000029514944043435075	-0.8813253092962419	-0.9213732582484564
6.25	0.00002975533116578757	-0.8814851807084592	-0.9212133868362391
6.275	0.000029995233790069444	-0.8816431451159289	-0.9210554224287693
6.300000000000001	0.000030234657684114874	-0.8817992327284286	-0.9208993348162696
6.325	0.000030473608524567044	-0.8819534731598864	-0.9207450943848118
6.3500000000000005	0.00003071209189867293	-0.882105895442429	-0.9205926721022692
6.375	0.00003095011330603688	-0.8822565280400442	-0.920442039504654
6.4	0.00003118767816033156	-0.8824053988618704	-0.9202931686828275
6.425000000000001	0.00003142479179097003	-0.8825525352751254	-0.9201460322695728
6.45	0.00003166145944473919	-0.882697964117684	-0.9200006034270142
6.4750000000000005	0.00003189768628739429	-0.8828417117103177	-0.9198568558343806
6.5	0.000032133477405217354	-0.8829838038686046	-0.9197147636760936
6.525	0.00003236883780653987	-0.8831242659145206	-0.9195743016301773
6.550000000000001	0.000032603772423230005	-0.8832631226877222	-0.9194354448569759
6.575	0.000032838286112146764	-0.8834003985565281	-0.9192981689881701
6.6000000000000005	0.000033072383656560336	-0.8835361174286117	-0.9191624501160865
6.625	0.00003330606976754058	-0.8836703027614111	-0.919028264783287
6.65	0.00003353934908531406	-0.8838029775722653	-0.9188955899724328
6.675000000000001	0.000033772226180591076	-0.8839341644482861	-0.9187644030964122
6.7	0.00003400470555586229	-0.8840638855559712	-0.9186346819887268
6.7250000000000005	0.00003423679164666661	-0.8841921626505691	-0.9185064048941292
6.75	0.00003446848882283167	-0.8843190170852006	-0.9183795504594977
6.775	0.00003469980138968553	-0.8844444698197459	-0.9182540977249523
6.800000000000001	0.000034930733589242594	-0.8845685414295029	-0.9181300261151952
6.825	0.00003516128960136326	-0.8846912521136241	-0.9180073154310742
6.8500000000000005	0.000035391473544888104	-0.8848126217033373	-0.9178859458413607
6.875	0.00003562128947874724	-0.8849326696699606	-0.9177658978747375
6.9	0.00003585074140304581	-0.8850514151327102	-0.9176471524119877
6.925000000000001	0.00003607983326012551	-0.8851688768663144	-0.9175296906783836
6.95	0.000036308568935603793	-0.8852850733084351	-0.9174134942362631
6.9750000000000005	0.00003653695225939047	-0.885400022566903	-0.9172985449777952
7.	0.00003676498700668228	-0.8855137424267735	-0.9171848251179245
7.025	0.00003699267689893622	-0.8856262503572058	-0.9170723171874923
7.050000000000001	0.00003722002560482314	-0.8857375635181727	-0.9169610040265255
7.075	0.00003744703674115956	-0.8858476987670034	-0.9168508687776947
7.1000000000000005	0.00003767371387382101	-0.8859566726647672	-0.916741894879931
7.125	0.000037900060518635675	-0.8860645014824984	-0.9166340660621998
7.15	0.00003812608014225918	-0.886171201207271	-0.9165273663374273
7.175000000000001	0.000038351776163031686	-0.8862767875481249	-0.9164217799965734
7.2	0.000038577151951816235	-0.8863812759418475	-0.9163172916028506
7.2250000000000005	0.000038802210832820005	-0.8864846815586169	-0.9162138859860812
7.25	0.00003902695608439964	-0.8865870193075082	-0.9161115482371901
7.275	0.00003925139093984806	-0.8866883038418674	-0.9160102637028309
7.300000000000001	0.00003947551858816668	-0.8867885495645577	-0.9159100179801406
7.325	0.00003969934217482106	-0.8868877706330798	-0.9158107969116182
7.3500000000000005	0.000039922864802480944	-0.8869859809645707	-0.9157125865801273
7.375	0.000040146089531746564	-0.8870831942406843	-0.9156153733040138
7.4	0.00004036901938185832	-0.8871794239123564	-0.9155191436323418
7.425000000000001	0.00004059165733139345	-0.8872746832044579	-0.9154238843402404
7.45	0.000040814006318948476	-0.8873689851203387	-0.9153295824243594
7.4750000000000005	0.0000410360692438074	-0.8874623424462663	-0.9152362250984319
7.5	0.00004125784896659733	-0.8875547677557588	-0.9151437997889393
7.525	0.000041479348309930025	-0.8876462734138196	-0.9150522941308785
7.550000000000001	0.00004170057005903197	-0.8877368715810733	-0.914961695963625
7.575	0.000041921516962360934	-0.8878265742178051	-0.9148719933268931
7.6000000000000005	0.00004214219173221073	-0.88791539308791	-0.9147831744567883
7.625	0.00004236259704530404	-0.8880033397627481	-0.91469522778195
7.65	0.00004258273554337387	-0.8880904256249151	-0.914608141919783
7.675000000000001	0.00004280260983373303	-0.8881766618719243	-0.9145219056727739
7.7	0.0000430222224898334	-0.8882620595198073	-0.914436508024891
7.7250000000000005	0.00004324157605181325	-0.8883466294066311	-0.9143519381380671
7.75	0.000043460673027035084	-0.8884303821959378	-0.9142681853487604
7.775	0.00004367951589061248	-0.8885133283801062	-0.9141852391645919
7.800000000000001	0.00004389810708592645	-0.8885954782836376	-0.9141030892610605
7.825	0.00004411644902513291	-0.8886768420663694	-0.9140217254783288
7.8500000000000005	0.00004433454408965965	-0.8887574297266158	-0.9139411378180825
7.875	0.00004455239463069412	-0.88883725110424	-0.9138613164404583
7.9	0.00004477000296966192	-0.888916315883658	-0.9137822516610401
7.925000000000001	0.00004498737139869605	-0.8889946335967764	-0.9137039339479218
7.95	0.00004520450218109789	-0.8890722136258643	-0.9136263539188338
7.9750000000000005	0.000045421397551788606	-0.8891490652063649	-0.9135495023383333
8.	0.000045638059717753175	-0.8892251974296428	-0.9134733701150555
8.025	0.00004585449085847497	-0.8893006192456739	-0.913397948299024
8.05	0.00004607069312636289	-0.8893753394656757	-0.9133232280790226
8.075	0.000046286668647171035	-0.8894493667646799	-0.9132492007800184
8.100000000000001	0.00004650241952040932	-0.8895227096840516	-0.9131758578606467
8.125	0.00004671794781974765	-0.8895953766339526	-0.9131031909107455
8.15	0.00004693325559341208	-0.889667375895753	-0.9130311916489451
8.175	0.00004714834486457391	-0.88973871562439	-0.9129598519203083
8.2	0.000047363217631731674	-0.8898094038506774	-0.9128891636940206
8.225000000000001	0.000047577875869085954	-0.8898794484835664	-0.9128191190611319
8.25	0.00004779232152690775	-0.8899488573123571	-0.9127497102323411
8.275	0.00004800655653189979	-0.8900176380088647	-0.9126809295358336
8.3	0.00004822058278755142	-0.8900857981295388	-0.9126127694151595
8.325	0.00004843440217448748	-0.89015334511754	-0.9125452224271581
8.350000000000001	0.000048648016550810024	-0.8902202863047712	-0.912478281239927
8.375	0.000048861427752435013	-0.8902866289138672	-0.9124119386308309
8.4	0.000049074637593422366	-0.8903523800601439	-0.9123461874845543
8.425	0.00004928764786629996	-0.8904175467535049	-0.9122810207911933
8.45	0.00004950046034238244	-0.890482135900311	-0.9122164316443871
8.475000000000001	0.00004971307677208381	-0.8905461543052097	-0.9121524132394884
8.5	0.0000499254988852251	-0.8906096086729276	-0.9120889588717705
8.525	0.000050137728391336136	-0.8906725056100258	-0.9120260619346725
8.55	0.000050349766979952356	-0.8907348516266194	-0.9119637159180789
8.575	0.000050561616320906114	-0.890796653138063	-0.9119019144066352
8.600000000000001	0.00005077327806461305	-0.8908579164666001	-0.9118406510780981
8.625	0.00005098475384235335	-0.8909186478429804	-0.9117799197017179
8.65	0.00005119604526654896	-0.8909788534080441	-0.9117197141366539
8.675	0.00005140715393103437	-0.8910385392142752	-0.9116600283304231
8.7	0.00005161808141132453	-0.8910977112273207	-0.9116008563173775
8.725000000000001	0.00005182882926487657	-0.891156375327483	-0.9115421922172151
8.75	0.000052039399031348255	-0.8912145373111806	-0.9114840302335174
8.775	0.00005224979223285146	-0.8912722028923796	-0.9114263646523185
8.8	0.000052460010374201114	-0.8913293777039967	-0.9113691898407013
8.825	0.00005267005494316053	-0.8913860672992764	-0.9113125002454219
8.850000000000001	0.00005287992741068241	-0.8914422771531375	-0.9112562903915608
8.875	0.00005308962923114503	-0.8914980126634967	-0.9112005548812016
8.9	0.00005329916184258532	-0.8915532791525638	-0.9111452883921345
8.925	0.000053508526666927805	-0.891608081868112	-0.9110904856765862
8.95	0.00005371772511020967	-0.8916624259847244	-0.9110361415599736
8.975000000000001	0.00005392675856280186	-0.8917163166050155	-0.9109822509396828
9.	0.000054135628399626845	-0.8917697587608281	-0.9109288087838702
9.025	0.00005434433598037249	-0.891822757414409	-0.9108758101302893
9.05	0.000054552882649702326	-0.8918753174595601	-0.9108232500851382
9.075000000000001	0.00005476126973746285	-0.891927443722769	-0.9107711238219293
9.1	0.000054969498558886756	-0.8919791409643162	-0.910719426580382
9.125	0.000055177570414793094	-0.8920304138793627	-0.9106681536653356
9.15	0.00005538548659178474	-0.8920812670990151	-0.9106173004456831
9.175	0.000055593248362441176	-0.8921317051913727	-0.9105668623533254
9.200000000000001	0.00005580085698550974	-0.8921817326625523	-0.910516834882146
9.225	0.00005600831370609281	-0.8922313539576949	-0.9104672135870032
9.25	0.000056215619755832134	-0.8922805734619537	-0.9104179940827445
9.275	0.00005642277635309036	-0.8923293955014623	-0.910369172043236
9.3	0.00005662978470312945	-0.8923778243442858	-0.9103207432004125
9.325000000000001	0.000056836645998286164	-0.892425864201353	-0.9102727033433453
9.35	0.000057043361418145306	-0.8924735192273725	-0.9102250483173254
9.375	0.00005724993212970908	-0.8925207935217313	-0.9101777740229668
9.4	0.00005745635928756514	-0.8925676911293748	-0.9101308764153233
9.425	0.00005766264403405042	-0.892614216041674	-0.9100843515030242
9.450000000000001	0.00005786878749941402	-0.8926603721972733	-0.9100381953474249
9.475	0.00005807479080197634	-0.8927061634829253	-0.9099924040617728
9.5	0.00005828065504828565	-0.8927515937343081	-0.90994697381039
9.525	0.00005848638133327302	-0.892796666736829	-0.909901900807869
9.55	0.00005869197074040444	-0.8928413862264134	-0.9098571813182847
9.575000000000001	0.00005889742434182999	-0.8928857558902781	-0.9098128116544202
9.6	0.00005910274319853207	-0.892929779367692	-0.9097687881770062
9.625	0.00005930792836046948	-0.8929734602507222	-0.9097251072939757
9.65	0.00005951298086672059	-0.8930168020849674	-0.9096817654597308
9.675	0.00005971790174562412	-0.8930598083702757	-0.9096387591744224
9.700000000000001	0.000059922692014917225	-0.8931024825614531	-0.909596084983245
9.725	0.00006012735268187198	-0.8931448280689561	-0.9095537394757421
9.75	0.00006033188474342967	-0.8931868482595737	-0.9095117192851243
9.775	0.00006053628918633219	-0.8932285464570966	-0.9094700210876016
9.8	0.00006074056698725309	-0.8932699259429737	-0.9094286416017243
9.825000000000001	0.00006094471911292481	-0.8933109899569593	-0.9093875775877389
9.85	0.00006114874652026587	-0.8933517416977458	-0.9093468258469524
9.875	0.00006135265015650381	-0.8933921843235868	-0.9093063832211113
9.9	0.00006155643095929857	-0.8934323209529103	-0.9092662465917879
9.925	0.00006176008985686262	-0.8934721546649178	-0.9092264128797802
9.950000000000001	0.00006196362776807949	-0.8935116885001771	-0.9091868790445211
9.975	0.00006216704560262114	-0.8935509254612007	-0.9091476420834974
10.	0.00006237034426106249	-0.893589868513017	-0.9091086990316812
10.025	0.00006257352463499551	-0.89362852058373	-0.909070046960968
10.05	0.0000627765876071401	-0.89366688456507	-0.9090316829796282
10.075000000000001	0.0000629795340514552	-0.8937049633129341	-0.9089936042317641
10.1	0.00006318236483324641	-0.8937427596479182	-0.90895580789678
10.125	0.00006338508080927323	-0.8937802763558387	-0.9089182911888596
10.15	0.00006358768282785398	-0.8938175161882466	-0.9088810513564516
10.175	0.00006379017172897	-0.8938544818629315	-0.9088440856817668
10.200000000000001	0.00006399254834436727	-0.8938911760644175	-0.9088073914802808
10.225	0.00006419481349765737	-0.8939276014444509	-0.9087709661002472
10.25	0.00006439696800441679	-0.8939637606224793	-0.908734806922219
10.275	0.00006459901267228443	-0.8939996561861216	-0.9086989113585766
10.3	0.00006480094830105796	-0.8940352906916327	-0.9086632768530655
10.325000000000001	0.00006500277568278893	-0.8940706666643569	-0.9086279008803414
10.35	0.00006520449560187629	-0.8941057865991763	-0.908592780945522
10.375	0.00006540610883515834	-0.8941406529609505	-0.9085579145837478
10.4	0.00006560761615200406	-0.894175268184949	-0.9085232993597492
10.425	0.00006580901831440187	-0.8942096346772762	-0.9084889328674219
10.450000000000001	0.00006601031607704889	-0.8942437548152904	-0.9084548127294079
10.475	0.00006621151018743754	-0.8942776309480138	-0.9084209365966843
10.5	0.0000664126013859409	-0.8943112653965378	-0.9083873021481604
10.525	0.00006661359040589798	-0.8943446604544197	-0.9083539070902784
10.55	0.00006681447797369643	-0.8943778183880746	-0.9083207491566234
10.575000000000001	0.00006701526480885504	-0.8944107414371596	-0.9082878261075387
10.600000000000001	0.0000672159516241049	-0.8944434318149513	-0.9082551357297468
10.625	0.00006741653912546876	-0.8944758917087193	-0.9082226758359789
10.65	0.0000676170280123404	-0.8945081232800904	-0.9081904442646077
10.675	0.00006781741897756154	-0.8945401286654099	-0.9081584388792883
10.700000000000001	0.00006801771270749878	-0.8945719099760944	-0.9081266575686038
10.725000000000001	0.00006821790988211944	-0.894603469298981	-0.9080950982457171
10.75	0.00006841801117506483	-0.8946348086966697	-0.9080637588480286
10.775	0.0000686180172537252	-0.8946659302078596	-0.9080326373368386
10.8	0.00006881792877931077	-0.8946968358476817	-0.9080017316970165
10.825000000000001	0.00006901774640692351	-0.8947275276080242	-0.907971039936674
10.850000000000001	0.00006921747078562798	-0.8947580074578535	-0.9079405600868445
10.875	0.00006941710255852	-0.8947882773435308	-0.9079102902011672
10.9	0.00006961664236279533	-0.8948183391891221	-0.9078802283555761
10.925	0.00006981609082981779	-0.8948481948967038	-0.9078503726479945
10.950000000000001	0.00007001544858518472	-0.894877846346664	-0.9078207211980343
10.975000000000001	0.00007021471624879387	-0.8949072953979991	-0.9077912721466992
11.	0.00007041389443490691	-0.8949365438886034	2.4991931633037296
11.025	0.00007033176304977022	-0.8872488307648625	2.491505450179989
11.05	0.00007025017892275698	-0.8796132376410672	2.4838698570561935
11.075000000000001	0.00007016913834783027	-0.8720292944393001	2.476285913854426
11.100000000000001	0.00007008863765234081	-0.8644965363693472	2.4687531557844737
11.125	0.00007000867319665197	-0.8570145038574809	2.4612711232726068
11.15	0.00006992924137376955	-0.8495827424763629	2.4538393618914887
11.175	0.0000698503386089768	-0.8422008028760432	2.4464574222911692
11.200000000000001	0.00006977196135947393	-0.8348682407160347	2.4391248601311615
11.225000000000001	0.00006969410611402294	-0.8275846165984463	2.431841236013572
11.25	0.00006961676939259685	-0.8203494960021546	2.4246061154172804
11.275	0.0000695399477460336	-0.8131624492179969	2.417419068633123
11.3	0.00006946363775569474	-0.8060230512849668	2.4102796707000924
11.325000000000001	0.00006938783603312845	-0.7989308819273933	2.4031875013425195
11.350000000000001	0.0000693125392197371	-0.79188552549309	2.3961421449082163
11.375	0.00006923774398644922	-0.7848865708924506	2.389143190307577
11.4	0.00006916344703339568	-0.7779336115384828	2.3821902309536096
11.425	0.00006908964508959031	-0.771026245287758	2.3752828647028843
11.450000000000001	0.00006901633491261442	-0.7641640743822605	2.3684206937973866
11.475000000000001	0.00006894351328830576	-0.7573467053921268	2.3616033248072528
11.5	0.0000688711770304512	-0.7505737491592509	2.3548303685743774
11.525	0.0000687993229804839	-0.7438448207417468	2.3481014401568725
11.55	0.00006872794800718373	-0.7371595393592546	2.341416158774381
11.575000000000001	0.00006865704900638226	-0.7305175283390658	2.334774147754192
11.600000000000001	0.00006858662290067109	-0.723918415063068	2.3281750344781944
11.625	0.00006851666663911416	-0.7173618309154816	2.321618450330608
11.65	0.00006844717719696368	-0.7108474112313833	2.315104030646509
11.675	0.00006837815157537974	-0.7043747952460007	2.308631414661127
11.700000000000001	0.00006830958680115369	-0.6979436260447645	2.30220024545989
11.725000000000001	0.00006824147992643454	-0.6915535505141023	2.2958101699292284
11.75	0.00006817382802845949	-0.6852042192929704	2.2894608387080964
11.775	0.00006810662820928752	-0.6788952867250972	2.283151906140223
11.8	0.00006803987759553638	-0.6726264108119439	2.27688303022707
11.825000000000001	0.00006797357333812308	-0.6663972531663502	2.2706538725814767
11.850000000000001	0.00006790771261200751	-0.6602074789668737	2.264464098382
11.875	0.00006784229261593938	-0.6540567569127931	2.2583133763279193
11.9	0.00006777731057220825	-0.6479447591797763	2.252201378594903
11.925	0.00006771276372639695	-0.641871161376201	2.246127780791327
11.950000000000001	0.00006764864934713781	-0.6358356425001092	2.240092261915235
11.975000000000001	0.00006758496472587199	-0.6298378848967916	2.234094504311918
12.	0.00006752170717661206	-0.6238775742169935	2.2281341936321195
12.025	0.00006745887403570726	-0.6179543993757216	2.2222110187908477
12.05	0.00006739646266161181	-0.6120680525116559	2.216324671926782
12.075000000000001	0.00006733447043465608	-0.6062182289471432	2.2104748483622694
12.100000000000001	0.00006727289475682057	-0.6004046271487725	2.2046612465638984
12.125	0.00006721173305151287	-0.5946269486885166	2.1988835681036427
12.15	0.00006715098276334696	-0.5888848982054322	2.1931415176205586
12.175	0.00006709064135792563	-0.583178183367914	2.18743480278304
12.200000000000001	0.00006703070632162551	-0.577506514836485	2.181763134251611
12.225000000000001	0.00006697117516138445	-0.5718696062271218	2.176126225642248
12.25	0.00006691204540449193	-0.5662671740751017	2.170523793490228
12.275	0.00006685331459838167	-0.5606989377993655	2.1649555572144914
12.3	0.00006679498031042691	-0.5551646196673865	2.159421239082513
12.325000000000001	0.00006673704012773829	-0.5496639447605391	2.1539205641756647
12.350000000000001	0.00006667949165696395	-0.5441966409399551	2.1484532603550814
12.375	0.00006662233252409237	-0.5387624388128648	2.143019058227991
12.4	0.00006656556037425711	-0.5333610716994097	2.1376176911145355
12.425	0.00006650917287154455	-0.5279922755999269	2.132248895015053
12.450000000000001	0.00006645316769880331	-0.5226557891626882	2.1269124085778146
12.475000000000001	0.00006639754255745641	-0.5173513536520932	2.1216079730672193
12.5	0.00006634229516731547	-0.5120787129173082	2.1163353323324343
12.525	0.00006628742326639728	-0.5068376133613404	2.111094232776466
12.55	0.00006623292461074226	-0.5016278039105452	2.1058844233256715
12.575000000000001	0.00006617879697423555	-0.4964490359845576	2.1007056553996835
12.600000000000001	0.00006612503814842987	-0.4913010634666375	2.095557682881764
12.625	0.00006607164594237054	-0.4861836426744302	2.0904402620895564
12.65	0.00006601861818242268	-0.4810965323311261	2.0853531517462525
12.675	0.00006596595271210045	-0.4760394935370237	2.0802961129521496
12.700000000000001	0.00006591364739189818	-0.4710122897414798	2.075268909156606
12.725000000000001	0.00006586170009912361	-0.46601468671524593	2.070271306130372
12.75	0.00006581010872773304	-0.4610464525231861	2.0653030719383123
12.775	0.00006575887118816846	-0.45610735749736425	2.06036397691249
12.8	0.00006570798540719651	-0.451197174210504	2.0554537936256305
12.825000000000001	0.00006565744932774936	-0.4463156774498064	2.050572296864933
12.850000000000001	0.00006560726090876758	-0.44146264419112496	2.0457192636062516
12.875	0.00006555741812504454	-0.436637853573492	2.040894472988618
12.9	0.00006550791896707297	-0.43184108687398937	2.0360977062891146
12.925	0.00006545876144089292	-0.42707212748296025	2.0313287468980867
12.950000000000001	0.00006540994356794196	-0.4223307608795548	2.0265873802946808
12.975000000000001	0.00006536146338490658	-0.4176167746076042	2.0218733940227303
13.	0.00006531331894357579	-0.41292995825182244	2.0171865776669486
13.025	0.00006526550831069591	-0.40827010341432285	2.012526722829449
13.05	0.00006521802956782766	-0.4036370036914541	2.0078936231065803
13.075000000000001	0.00006517088081120421	-0.39903045465094283	2.003287074066069
13.100000000000001	0.00006512406015159132	-0.3944502538093422	1.9987068732244686
13.125	0.00006507756571414896	-0.38989620060978053	1.9941528200249068
13.15	0.00006503139563829439	-0.3853680964000061	1.9896247158151323
13.175	0.00006498554807756696	-0.3808657444107241	1.9851223638258502
13.200000000000001	0.00006494002119949435	-0.376388949734219	1.9806455691493448
13.225000000000001	0.00006489481318546038	-0.3719375193032601	1.9761941387183866
13.25	0.00006484992223057427	-0.36751126187028604	1.9717678812854122
13.275	0.0000648053465435414	-0.3631099879868621	1.9673666074019884
13.3	0.00006476108434653552	-0.35873350998340947	1.9629901293985357
13.325000000000001	0.00006471713387507242	-0.35438164194919874	1.958638261364325
13.350000000000001	0.000064673493377885	-0.3500541997126062	1.9543108191277323
13.375	0.00006463016111679978	-0.34575100082162846	1.950007620236755
13.4	0.0000645871353666147	-0.3414718645246498	1.945728483939776
13.425	0.00006454441441497832	-0.33721661175146256	1.9414732311665883
13.450000000000001	0.00006450199656227052	-0.3329850650945326	1.9372416845096587
13.475000000000001	0.00006445988012148425	-0.3287770487905069	1.933033668205633
13.5	0.00006441806341810882	-0.32459238870196305	1.928849008117089
13.525	0.00006437654479001446	-0.3204309122993928	1.9246875317145187
13.55	0.00006433532258733799	-0.3162924486434186	1.9205490680585444
13.575000000000001	0.00006429439517236985	-0.31217682836724064	1.9164334477823668
13.600000000000001	0.00006425376091944258	-0.308083883659306	1.9123405030744323
13.625	0.0000642134182148202	-0.30401344824620463	1.9082700676613307
13.65	0.00006417336545658888	-0.2999653573757797	1.9042219767909059
13.675	0.0000641336010545491	-0.2959394478004591	1.900196067215585
13.700000000000001	0.00006409412343010854	-0.29193555776079494	1.8961921771759214
13.725000000000001	0.0000640549310161765	-0.28795352696921556	1.8922101463843417
13.75	0.00006401602225705926	-0.28399319659398353	1.88824981600911
13.775	0.00006397739560835681	-0.2800544092433555	1.8843110286584817
13.8	0.00006393904953686033	-0.2761370089499465	1.8803936283650733
13.825000000000001	0.00006390098252045114	-0.27224084115528857	1.876497460570415
13.850000000000001	0.00006386319304800066	-0.26836575269458524	1.8726223721097113
13.875	0.00006382567961927127	-0.26451159178165967	1.868768211196786
13.9	0.00006378844074481837	-0.2606782079940887	1.8649348274092148
13.925	0.0000637514749458937	-0.25686545225852814	1.8611220716736543
13.950000000000001	0.00006371478075434919	-0.2530731768362179	1.857329796251344
13.975000000000001	0.00006367835671254241	-0.24930123530867074	1.853557854723797
14.	0.00006364220137324257	-0.24554948256353973	1.8498061019786656
14.025	0.00006360631329953797	-0.2418177747806593	1.8460743941957856
14.05	0.00006357069106474384	-0.2381059694182642	1.8423625888333905
14.075000000000001	0.00006353533325231185	-0.23441392519937668	1.838670544614503
14.100000000000001	0.00006350023845574006	-0.23074150209836275	1.8349981215134885
14.125	0.00006346540527848409	-0.22708856132765615	1.8313451807427825
14.15	0.00006343083233386914	-0.22345496532464432	1.8277115847397702
14.175	0.00006339651824500289	-0.21984057773871904	1.824097197153845
14.200000000000001	0.00006336246164468951	-0.2162452634184839	1.8205018828336101
14.225000000000001	0.00006332866117534435	-0.21266888839911985	1.8169255078142463
14.25	0.00006329511548890972	-0.20911131988990642	1.8133679393050328
14.275	0.00006326182324677132	-0.2055724262618942	1.8098290456770207
14.3	0.00006322878311967588	-0.2020520770357306	1.8063086964508563
14.325000000000001	0.00006319599378764936	-0.19855014286963174	1.802806762284758
14.350000000000001	0.00006316345393991612	-0.19506649554750188	1.7993231149626279
14.375	0.00006313116227481899	-0.19160100796719784	1.7958576273823237
14.4	0.00006309911749974008	-0.18815355412893453	1.792410173544061
14.425	0.0000630673183310224	-0.18472400912383277	1.7889806285389593
14.450000000000001	0.00006303576349389252	-0.18131224912260474	1.7855688685377311
14.475000000000001	0.00006300445172238359	-0.1779181513643755	1.7821747707795017
14.5	0.00006297338175925974	-0.17454159414564094	1.778798213560767
14.525	0.00006294255235594056	-0.17118245680935631	1.7754390762244823
14.55	0.00006291196227242715	-0.1678406197341588	1.7720972391492846
14.575000000000001	0.00006288161027722815	-0.16451596432371715	1.7687725837388433
14.600000000000001	0.00006285149514728722	-0.1612083729962092	1.7654649924113357
14.625	0.00006282161566791067	-0.1579177291739267	1.7621743485890529
14.65	0.00006279197063269632	-0.1546439172730011	1.758900536688127
14.675	0.00006276255884346275	-0.15138682269325593	1.755643442108382
14.700000000000001	0.00006273337911017946	-0.1481463318081763	1.7524029512233026
14.725000000000001	0.00006270443025089764	-0.14492233195499926	1.7491789513701257
14.75	0.00006267571109168168	-0.1417147114249214	1.7459713308400477
14.775	0.00006264722046654138	-0.13852335945342148	1.7427799788685474
14.8	0.0000626189572173649	-0.135348166210699	1.739604785625825
14.825000000000001	0.00006259092019385226	-0.13218902279222441	1.736445642207351
14.850000000000001	0.00006256310825344957	-0.12904582120940056	1.7333024406245263
14.875	0.00006253552026128403	-0.1259184543803342	1.73017507379546
14.9	0.00006250815509009939	-0.12280681612071552	1.7270634355358416
14.925	0.00006248101162019225	-0.11971080113480571	1.7239674205499316
14.950000000000001	0.00006245408873934883	-0.11663030500652789	1.720886924421654
14.975000000000001	0.00006242738534278253	-0.11356522419066403	1.7178218436057902
15.	0.00006240090033307193	-0.11051545600415315	1.7147720754192795
15.025	0.00006237463262009961	-0.10748089861749088	1.7117375180326166
15.05	0.00006234858112099149	-0.10446145104623049	1.7087180704613567
15.075000000000001	0.00006232274476005666	-0.10145701314258028	1.7057136325577062
15.100000000000001	0.00006229712246872811	-0.0984674855870999	1.702724105002226
15.125	0.00006227171318550359	-0.0954927698804919	1.699749389295618
15.15	0.00006224651585588756	-0.09253276833548779	1.696789387750614
15.175	0.00006222152943233334	-0.08958738406882878	1.6938440034839544
15.200000000000001	0.00006219675287418605	-0.08665652099333776	1.6909131404084636
15.225000000000001	0.00006217218514762592	-0.08374008381008209	1.6879967032252083
15.25	0.00006214782522561239	-0.08083797800062782	1.685094597415754
15.275	0.0000621236720878285	-0.07795010981937978	1.6822067292345058
15.3	0.00006209972472062608	-0.07507638628601257	1.679333005701139
15.325000000000001	0.0000620759821169713	-0.07221671517798575	1.6764733345931118
15.350000000000001	0.0000620524432763908	-0.06937100502314439	1.6736276244382704
15.375	0.00006202910720491835	-0.06653916509240475	1.6707957845075307
15.4	0.00006200597291504206	-0.06372110539252178	1.6679777248076475
15.425	0.00006198303942565207	-0.060916736658940325	1.6651733560740667
15.450000000000001	0.00006196030576198874	-0.05812597034872503	1.6623825897638511
15.475000000000001	0.00006193777095559139	-0.055348718633572346	1.6596053380486986
15.5	0.0000619154340442474	-0.05258489439289956	1.656841513808026
15.525	0.000061893294071942	-0.04983441120701242	1.6540910306221388
15.55	0.00006187135008880848	-0.04709718335035048	1.6513538027654766
15.575000000000001	0.00006184960115107873	-0.04437312578480621	1.6486297451999328
15.600000000000001	0.00006182804632103452	-0.04166215415312115	1.645918773568247
15.625	0.00006180668466695892	-0.03896418477235459	1.643220804187481
15.65	0.0000617855152630885	-0.03627913462742508	1.6405357540425511
15.675	0.0000617645371895658	-0.033606921364725664	1.6378635407798519
15.700000000000001	0.0000617437495323924	-0.030947463285808333	1.6352040827009344
15.725000000000001	0.00006172315138338215	-0.02830067934113959	1.6325572987562655
15.75	0.00006170274184011528	-0.02566648912392555	1.6299231085390518
15.775	0.00006168252000589251	-0.02304481286400427	1.6273014322791304
15.8	0.00006166248498968988	-0.020435571421807755	1.6246921908369336
15.825000000000001	0.00006164263590611397	-0.017838686282388754	1.622095305697515
15.850000000000001	0.00006162297187535736	-0.015254079549514233	1.6195106989646404
15.875	0.00006160349202315478	-0.012681673939824454	1.6169382933549508
15.9	0.00006158419548073948	-0.010121392777054409	1.6143780121921807
15.925	0.00006156508138480002	-0.0075731599863213634	1.6118297794014478
15.950000000000001	0.00006154614887743765	-0.005036900088473212	1.6092935195035993
15.975000000000001	0.0000615273971061238	-0.0025125381944986844	1.606769157609625
16.	0.00006150882522365828	0.	1.6042566194151262